3,2
3,1
3,3
10,161
10,185
10,90
10,158
10,280
10,149
10,109
10,123
11,4
11,19
11,22
11,7
11,25
11,26
8,2
80,4
80,3
80,2
80,1
80,0
79,3
79,2
79,1
79,0
67,3
67,2
67,1
67,0
65,4
65,3
65,2
65,1
65,0
64,4
64,3
64,2
64,1
64,0
62,5
62,4
62,3
62,2
62,1
62,0
59,6
59,5
59,4
59,1
53,5
53,3
53,1
45,3
45,1
20,3
20,2
20,1
19,3
19,2
19,1
12,3
12,2
12,1
11,30
11,28
11,24
11,23
11,21
11,20
11,18
11,17
11,14
11,13
18,1
18,3
14,1
14,3
13,1
13,3
2,2
2,1
2,3
11,10
11,9
11,8
11,6
11,5
11,3
11,2
11,1
10,309
10,303
10,286
10,279
10,272
10,270
10,269
10,215
10,190
10,189
10,187
10,169
10,167
10,125
10,120
10,100
10,86
10,78
10,25
10,13
10,9
10,3
10,2
10,1
